tags_collected, time_in_minutes, random_seed
65, 10, 1337
76, 10, 1338
66, 10, 1339
62, 10, 1340
45, 10, 1341
65, 10, 1342
47, 10, 1343
59, 10, 1344
49, 10, 1345
66, 10, 1346
52, 10, 1347
64, 10, 1348
54, 10, 1349
59, 10, 1350
57, 10, 1351
49, 10, 1352
58, 10, 1353
64, 10, 1354
61, 10, 1355
57, 10, 1356
64, 10, 1357
58, 10, 1358
59, 10, 1359
82, 10, 1360
59, 10, 1361
52, 10, 1362
46, 10, 1363
61, 10, 1364
59, 10, 1365
61, 10, 1366
45, 10, 1367
66, 10, 1368
61, 10, 1369
58, 10, 1370
54, 10, 1371
51, 10, 1372
51, 10, 1373
63, 10, 1374
51, 10, 1375
58, 10, 1376
59, 10, 1377
41, 10, 1378
80, 10, 1379
65, 10, 1380
46, 10, 1381
66, 10, 1382
49, 10, 1383
72, 10, 1384
77, 10, 1385
71, 10, 1386
