tags_collected, time_in_minutes, random_seed
71, 20, 1337
73, 20, 1338
66, 20, 1339
59, 20, 1340
62, 20, 1341
64, 20, 1342
50, 20, 1343
66, 20, 1344
56, 20, 1345
72, 20, 1346
61, 20, 1347
72, 20, 1348
70, 20, 1349
69, 20, 1350
61, 20, 1351
60, 20, 1352
73, 20, 1353
76, 20, 1354
68, 20, 1355
31, 20, 1356
61, 20, 1357
67, 20, 1358
73, 20, 1359
65, 20, 1360
62, 20, 1361
58, 20, 1362
69, 20, 1363
64, 20, 1364
68, 20, 1365
61, 20, 1366
68, 20, 1367
73, 20, 1368
66, 20, 1369
56, 20, 1370
71, 20, 1371
58, 20, 1372
71, 20, 1373
59, 20, 1374
54, 20, 1375
73, 20, 1376
62, 20, 1377
57, 20, 1378
68, 20, 1379
65, 20, 1380
63, 20, 1381
72, 20, 1382
65, 20, 1383
60, 20, 1384
64, 20, 1385
70, 20, 1386
