tags_collected, time_in_minutes, random_seed
41, 10, 1337
44, 10, 1338
41, 10, 1339
31, 10, 1340
27, 10, 1341
38, 10, 1342
33, 10, 1343
39, 10, 1344
27, 10, 1345
31, 10, 1346
35, 10, 1347
41, 10, 1348
40, 10, 1349
40, 10, 1350
35, 10, 1351
39, 10, 1352
46, 10, 1353
47, 10, 1354
29, 10, 1355
34, 10, 1356
43, 10, 1357
40, 10, 1358
46, 10, 1359
26, 10, 1360
40, 10, 1361
36, 10, 1362
32, 10, 1363
37, 10, 1364
37, 10, 1365
30, 10, 1366
35, 10, 1367
40, 10, 1368
37, 10, 1369
36, 10, 1370
39, 10, 1371
40, 10, 1372
37, 10, 1373
33, 10, 1374
35, 10, 1375
40, 10, 1376
40, 10, 1377
36, 10, 1378
38, 10, 1379
37, 10, 1380
33, 10, 1381
39, 10, 1382
34, 10, 1383
30, 10, 1384
37, 10, 1385
33, 10, 1386
