tags_collected, time_in_minutes, random_seed
126, 60, 1337
132, 60, 1338
139, 60, 1339
128, 60, 1340
114, 60, 1341
123, 60, 1342
130, 60, 1343
119, 60, 1344
114, 60, 1345
136, 60, 1346
128, 60, 1347
118, 60, 1348
127, 60, 1349
98, 60, 1350
118, 60, 1351
128, 60, 1352
111, 60, 1353
141, 60, 1354
106, 60, 1355
131, 60, 1356
114, 60, 1357
125, 60, 1358
117, 60, 1359
128, 60, 1360
120, 60, 1361
115, 60, 1362
140, 60, 1363
132, 60, 1364
127, 60, 1365
141, 60, 1366
102, 60, 1367
129, 60, 1368
142, 60, 1369
111, 60, 1370
136, 60, 1371
144, 60, 1372
112, 60, 1373
130, 60, 1374
111, 60, 1375
135, 60, 1376
115, 60, 1377
110, 60, 1378
145, 60, 1379
154, 60, 1380
103, 60, 1381
108, 60, 1382
117, 60, 1383
155, 60, 1384
128, 60, 1385
142, 60, 1386
