tags_collected, time_in_minutes, random_seed
58, 60, 1337
70, 60, 1338
68, 60, 1339
71, 60, 1340
66, 60, 1341
68, 60, 1342
57, 60, 1343
64, 60, 1344
67, 60, 1345
64, 60, 1346
66, 60, 1347
65, 60, 1348
72, 60, 1349
55, 60, 1350
64, 60, 1351
60, 60, 1352
65, 60, 1353
63, 60, 1354
55, 60, 1355
61, 60, 1356
63, 60, 1357
64, 60, 1358
61, 60, 1359
67, 60, 1360
62, 60, 1361
63, 60, 1362
62, 60, 1363
63, 60, 1364
65, 60, 1365
69, 60, 1366
66, 60, 1367
74, 60, 1368
60, 60, 1369
60, 60, 1370
57, 60, 1371
57, 60, 1372
63, 60, 1373
64, 60, 1374
60, 60, 1375
68, 60, 1376
61, 60, 1377
73, 60, 1378
59, 60, 1379
67, 60, 1380
66, 60, 1381
63, 60, 1382
65, 60, 1383
67, 60, 1384
63, 60, 1385
58, 60, 1386
